0 0 100 100
8
X1 0 0 5 20 1
A 8 0 22 20 1
D 33 0 27 20 1
X2 63 0 27 20 1
E 55 25 35 20 1
X3 0 25 50 55 0
F 57 50 28 30 0
B 60 85 10 10 1
2
3
11 3
70 31
64 88
2
79
64 88 64 87
64 87 64 86
64 86 64 85
64 85 64 84
64 84 64 83
64 83 64 82
64 82 64 81
64 81 64 80
64 80 63 80
63 80 62 80
62 80 61 80
61 80 60 80
60 80 59 80
59 80 58 80
58 80 57 80
57 80 56 80
56 80 56 79
56 79 56 78
56 78 56 77
56 77 56 76
56 76 56 75
56 75 56 74
56 74 56 73
56 73 56 72
56 72 56 71
56 71 56 70
56 70 56 69
56 69 56 68
56 68 56 67
56 67 56 66
56 66 56 65
56 65 56 64
56 64 56 63
56 63 56 62
56 62 56 61
56 61 56 60
56 60 56 59
56 59 56 58
56 58 56 57
56 57 56 56
56 56 56 55
56 55 56 54
56 54 56 53
56 53 56 52
56 52 56 51
56 51 56 50
56 50 56 49
56 49 57 49
57 49 58 49
58 49 59 49
59 49 60 49
60 49 61 49
61 49 62 49
62 49 63 49
63 49 64 49
64 49 65 49
65 49 66 49
66 49 67 49
67 49 68 49
68 49 69 49
69 49 70 49
70 49 70 48
70 48 70 47
70 47 70 46
70 46 70 45
70 45 70 44
70 44 70 43
70 43 70 42
70 42 70 41
70 41 70 40
70 40 70 39
70 39 70 38
70 38 70 37
70 37 70 36
70 36 70 35
70 35 70 34
70 34 70 33
70 33 70 32
70 32 70 31
87
70 31 69 31
69 31 69 30
69 30 69 29
69 29 69 28
69 28 69 27
69 27 69 26
69 26 69 25
69 25 69 24
69 24 69 23
69 23 69 22
69 22 69 21
69 21 69 20
69 20 69 19
69 19 69 18
69 18 69 17
69 17 69 16
69 16 69 15
69 15 69 14
69 14 69 13
69 13 69 12
69 12 69 11
69 11 69 10
69 10 69 9
69 9 69 8
69 8 69 7
69 7 69 6
69 6 69 5
69 5 68 5
68 5 67 5
67 5 66 5
66 5 65 5
65 5 64 5
64 5 63 5
63 5 62 5
62 5 61 5
61 5 60 5
60 5 59 5
59 5 58 5
58 5 57 5
57 5 56 5
56 5 55 5
55 5 54 5
54 5 53 5
53 5 52 5
52 5 51 5
51 5 50 5
50 5 49 5
49 5 48 5
48 5 47 5
47 5 46 5
46 5 45 5
45 5 44 5
44 5 43 5
43 5 42 5
42 5 41 5
41 5 40 5
40 5 39 5
39 5 38 5
38 5 37 5
37 5 36 5
36 5 35 5
35 5 34 5
34 5 33 5
33 5 32 5
32 5 31 5
31 5 30 5
30 5 29 5
29 5 28 5
28 5 27 5
27 5 26 5
26 5 25 5
25 5 24 5
24 5 23 5
23 5 22 5
22 5 21 5
21 5 20 5
20 5 19 5
19 5 18 5
18 5 17 5
17 5 16 5
16 5 15 5
15 5 14 5
14 5 13 5
13 5 12 5
12 5 11 5
11 5 11 4
11 4 11 3
4
55 31
11 4
40 10
68 87
3
35
40 10 39 10
39 10 39 9
39 9 39 8
39 8 39 7
39 7 39 6
39 6 38 6
38 6 37 6
37 6 36 6
36 6 35 6
35 6 34 6
34 6 33 6
33 6 32 6
32 6 31 6
31 6 30 6
30 6 29 6
29 6 28 6
28 6 27 6
27 6 26 6
26 6 25 6
25 6 24 6
24 6 23 6
23 6 22 6
22 6 21 6
21 6 20 6
20 6 19 6
19 6 18 6
18 6 17 6
17 6 16 6
16 6 15 6
15 6 14 6
14 6 13 6
13 6 12 6
12 6 11 6
11 6 11 5
11 5 11 4
36
40 10 40 11
40 11 41 11
41 11 42 11
42 11 43 11
43 11 44 11
44 11 45 11
45 11 46 11
46 11 47 11
47 11 48 11
48 11 49 11
49 11 50 11
50 11 51 11
51 11 52 11
52 11 53 11
53 11 54 11
54 11 54 12
54 12 54 13
54 13 54 14
54 14 54 15
54 15 54 16
54 16 54 17
54 17 54 18
54 18 54 19
54 19 54 20
54 20 54 21
54 21 54 22
54 22 54 23
54 23 54 24
54 24 54 25
54 25 54 26
54 26 54 27
54 27 54 28
54 28 54 29
54 29 54 30
54 30 54 31
54 31 55 31
69
68 87 68 86
68 86 68 85
68 85 68 84
68 84 68 83
68 83 68 82
68 82 68 81
68 81 67 81
67 81 66 81
66 81 65 81
65 81 64 81
64 81 63 81
63 81 62 81
62 81 61 81
61 81 60 81
60 81 59 81
59 81 58 81
58 81 57 81
57 81 56 81
56 81 56 80
56 80 56 79
56 79 56 78
56 78 56 77
56 77 56 76
56 76 56 75
56 75 56 74
56 74 56 73
56 73 56 72
56 72 56 71
56 71 56 70
56 70 56 69
56 69 56 68
56 68 56 67
56 67 56 66
56 66 56 65
56 65 56 64
56 64 56 63
56 63 56 62
56 62 56 61
56 61 56 60
56 60 56 59
56 59 56 58
56 58 56 57
56 57 56 56
56 56 56 55
56 55 56 54
56 54 56 53
56 53 56 52
56 52 56 51
56 51 56 50
56 50 56 49
56 49 56 48
56 48 56 47
56 47 56 46
56 46 56 45
56 45 56 44
56 44 56 43
56 43 56 42
56 42 56 41
56 41 56 40
56 40 56 39
56 39 56 38
56 38 56 37
56 37 56 36
56 36 56 35
56 35 56 34
56 34 56 33
56 33 56 32
56 32 56 31
56 31 55 31
